7637104098948483860
7637624995912502037
7637625650438638356
7637899680224774933
7638642013546842901
7640714971652098837
7641198927442873109
7641233996858821397
7641470585526749973
7641531228496399124
7641815367620217620
7641842800242920212
7642314766650411796
7642556054336588565
7642612807002852117
7642701562719734548
7643055757462965013
7643443328975637268
7643720651866065685
7644067824253897492
7644141077620083477
7644456112757934868
7644836578288372500
7645284574536960789
7645610391007578900
7646011954334665488
7646049220018129685
7646763488124390151
7646934552308402951
7647082427634682641
7647143652874390280
7647308178338384648
7647506224988031762
7647603263168121620
7647680742809455368
7647868963468217109
7647881839113276180
7647910088003586837
7647911575804398357
7647925227776035591
7647961693323348757
7647966976415370005
7648283477639367444
7648432771409136392
7648560866094320404
7648685123593390855
7648970195323128584
7649052245213924117
7649159010205076242
7649358369140017928
7649415467455138580
7649525192826555154
7649843720174816021
7649902034275044114
7650105569131989767
7650161490998381333
7650277808727509767
7650291778255342357
7650330552795007764
7650395096982014738
7650397128220527380
7650410764499028756
7650418483271830292
7650424085532789524
7650470629573970708
7650476089215372053
7650579221060487957
7650586690104396564
7650622884868229896
7650662828291263253
7650755622971788052
7650842956489919253
7650883910780930836
7650901362300734228
7650986884394797832
7651034048861915925
7651072535669230357
7651112093072804628
7651213351364610837
7651242318319684373
7651385090661403400
7651404998655445780
7651429125409098517
7651437202706123541
7651482613949729556
7651572646081022741
7651585897540012818
7651588903758727957
7651607244048059156
7651614340591667989
7651776098983807765
7651806092604803860
7651853460887980821
7651875308341136149
7651969656687414036
7651983514021055253
7652090251381689109
7652147173858888469
7652200510895721224
7652235477177289490
7652250002571447061
7652263558365465352
7652290908964752149
7652322452692896530
7652331958831303444
7652333690264062741
7652421042933205781
7652444604260403988
7652518339017788180
7652583404369677063
7652596337275996949
7652615911652084498
7652691007007410964
7652709552575793940
7652734614675770130
7652785412875848469
7652797172722862869
7652889432438442773
7652907123596184338
7652925474615659271
7652965026412235527
7652967725647530773
7652993321693907732
7653011783975717640
7653036375941729044
7653096815753972501
7653101406836083474
7653128852806028052
7653260506966346517
7653303185536404242
7653425794428979988
7653445955438201621
7653461841527458568
7653479446634023701
7653559189909965589
7653631598358170388
7653700863479433991
7653764734064790280
7653787724122163989
7653809399806544660
7653840633718639367
7654002675859671829
7654059145905474322
7654103567812381460
7654171679095409416
7654185571289074453
7654188550648679175
7654291004933835541
7654397032391641876
7654399413611170580
7654495925456374535
7654608847516699399
7654646775543974676
7654823021300304658
7654970616267868948
7655007693183650581
7655060102870878997
7655191547469679381
7655257460828326663
7655317725316647696
7655322157935479560
7655331007983110933
7655357017330027282
7655541598196927250
7655713472848661269
7655911102362635016
7656049016450648850
7656094897485351701
7656155917662128916
7656434310622317320
7656493681788095253
7656502736762063636
7656657771454089991
7656791185345268500
7656829705010334485
7657010288068217607
7657139936763611924
7657235844584917780
7657249185490258709
7657416774640339720
7657537986234583815
7657569619968969492
7657599594483714837
7657889163111369493
7658159278301842194
7658485111252044552
7658507688238680850
7658745532722203412
7658879560597818130
7658887248783444744
7659320130878360341
7659351054966639380
7659385958990957332
7659674338538982162
7659684308892273428
7659739323979483924
7660057542370396935
7660098037582940948
7660484396388502292
7660735246849198856
7660744947123768085
7660772997036378900
7661100647881050901
7661216131899247380
7661429712979413780
7661544059651738375
7661631603446090514
7661646518256847624
7661954439657360135
7662780405577403156
7663111104146459410
7663407809068813064
7663495919472085778
7664086951814204178
7664099996862401287
7665374076894006036
7665765309453798164
7666191803450575636
7666425496716937991
7666456994949204744
7666480061630253845
7666620290000128769
7667165443606465301
7667228700920449812
7667596712879360789
7667902404059892501
7667979398779292437
7668275126214626068
7668308928019663624
7668344784424684308
7670060427690232584
7670898634650536724
7671537048121395989
7671538603193502484
7671539587923823380
7672280119881124629
7672326406457625364
7673154941300640520
7673519483683638024
7673865685777632020
7674228113569188628
7674599199559666452
7677567061609663253
7677858097859267349
7677937938493000469
7678309916589263636
7683725143882173205
7685727692381080341
7688637481041890069
7688712027237354261
7688716622736624404
7689009107608587028
7689381181728541460
7689813575442909973
7689815554816051974
7689819177917483797
7689840294272846612
7689977497488362261
7690438433676462868
7690714862007520021
7690723495761677076
7690892010814737173
7691090942170401557
7691262900362693396
7691263984527280897
7691473014802959110
7691831438027148053
7692241061716019974
7692564147338365716
7692697134216776469
7692710934473329428
